amps=[];
% modAmt: 0.0  kInv: 1
amps=[amps, [1000.0, 999.0, 1000.0, 999.0, 1000.0, 1000.0, 1000.0, 999.0, 1000.0, 999.0, 1000.0, 999.0, 1000.0, 999.0, 1000.0, 1000.0, 1000.0, 999.0, 1000.0, 999.0, 1000.0, 999.0, 1000.0, 999.0, 1000.0, 1000.0, 1000.0, 999.0, 1000.0, 999.0, 1000.0, 999.0, 1000.0, 999.0, 1000.0, 1000.0, 1000.0, 999.0, 1000.0, 999.0, 1000.0, 999.0, 1000.0, 999.0, 1000.0, 1000.0, 1000.0, 999.0, 1000.0, 999.0, 1000.0, 999.0, 1000.0, 999.0, 1000.0, 1000.0, 1000.0, 999.0, 1000.0, 999.0, 1000.0, 999.0, 1000.0, 999.0, 1000.0, 1000.0, 1000.0, 999.0, 1000.0, 999.0, 1000.0, 999.0, 1000.0, 999.0, 1000.0, 1000.0, 1000.0, 999.0, 1000.0, 999.0, 1000.0, 999.0, 1000.0, 999.0, 1000.0, 1000.0, 1000.0, 999.0, 1000.0, 999.0, 1000.0, 999.0, 1000.0, 999.0, 1000.0, 1000.0, 1000.0, 999.0, 1000.0, 999.0, 1000.0, 999.0, 1000.0, 999.0, 1000.0, 1000.0, 1000.0, 999.0, 1000.0, 999.0, 1000.0, 999.0, 1000.0, 999.0, 1000.0, 1000.0, 1000.0, 999.0, 1000.0, 999.0, 1000.0, 999.0, 1000.0, 999.0, 1000.0, 1000.0, 1000.0, 999.0, 1000.0, 999.0, 1000.0, 999.0, 1000.0, 999.0, 1000.0, 1000.0, 1000.0, 999.0, 1000.0, 999.0, 1000.0, 999.0, 1000.0, 999.0, 1000.0, 1000.0, 1000.0, 999.0, 1000.0, 999.0, 1000.0, 999.0, 1000.0, 999.0, 1000.0, 1000.0, 1000.0, 999.0, 1000.0, 999.0, 1000.0, 999.0, 1000.0, 999.0, 1000.0, 1000.0, 1000.0, 999.0, 1000.0, 999.0, 1000.0, 999.0, 1000.0, 999.0, 1000.0, 1000.0, 1000.0, 999.0, 1000.0, 999.0, 1000.0, 999.0, 1000.0, 999.0, 1000.0, 1000.0, 1000.0, 999.0, 1000.0, 999.0, 1000.0, 999.0, 1000.0, 999.0, 1000.0, 1000.0, 1000.0, 999.0, 1000.0, 999.0, 1000.0, 999.0, 1000.0, 999.0, 1000.0, 1000.0, 1000.0, 999.0, 1000.0, 999.0, 1000.0, 999.0, 1000.0, 999.0, 1000.0, 1000.0, 1000.0, 999.0, 1000.0, 999.0, 1000.0, 999.0, 1000.0, 999.0, 1000.0, 1000.0, 1000.0, 999.0, 1000.0, 999.0, 1000.0, 999.0, 1000.0, 999.0, 1000.0, 1000.0, 1000.0, 999.0, 1000.0, 999.0, 1000.0, 999.0, 1000.0, 999.0, 1000.0, 1000.0, 1000.0, 999.0, 1000.0, 999.0, 1000.0, 999.0, 1000.0, 999.0, 1000.0, 1000.0, 1000.0, 999.0, 1000.0, 999.0, 1000.0, 999.0, 1000.0, 999.0, 1000.0, 1000.0, 1000.0, 999.0, 1000.0, 999.0, 1000.0, 999.0, 1000.0, 999.0, 1000.0, 1000.0, 1000.0, 999.0, 1000.0, 999.0, 1000.0, 999.0, 1000.0, 999.0, 1000.0, 1000.0, 1000.0, 999.0, 1000.0, 999.0, 1000.0, 999.0, 1000.0, 999.0, 1000.0, 1000.0, 1000.0, 999.0, 1000.0, 999.0, 1000.0, 999.0, 1000.0, 999.0, 1000.0, 1000.0, 1000.0, 999.0, 1000.0, 999.0, 1000.0, 999.0, 1000.0, 999.0, 1000.0, 1000.0, 1000.0, 999.0, 1000.0, 999.0, 1000.0, 999.0, 1000.0, 999.0, 1000.0, 1000.0, 1000.0, 999.0, 1000.0, 999.0, 1000.0, 999.0, 1000.0, 999.0, 1000.0, 1000.0, 1000.0, 999.0, 1000.0, 999.0, 1000.0, 999.0, 1000.0, 999.0, 1000.0, 1000.0, 1000.0, 999.0, 1000.0, 999.0, 1000.0, 999.0, 1000.0, 999.0, 1000.0, 1000.0, 1000.0, 999.0, 1000.0, 999.0, 1000.0, 999.0, 1000.0, 999.0, 1000.0, 1000.0, 1000.0, 999.0, 1000.0, 999.0, 1000.0, 999.0, 1000.0, 999.0, 1000.0, 1000.0, 1000.0, 999.0, 1000.0, 999.0, 1000.0, 999.0, 1000.0, 999.0, 1000.0, 1000.0, 1000.0, 999.0, 1000.0, 999.0, 1000.0, 999.0, 1000.0, 999.0, 1000.0, 1000.0, 1000.0, 999.0, 1000.0, 999.0, 1000.0, 999.0, 1000.0, 999.0, 1000.0, 1000.0, 1000.0, 999.0, 1000.0, 999.0, 1000.0, 999.0, 1000.0, 999.0, 1000.0, 1000.0, 1000.0, 999.0, 1000.0, 999.0, 1000.0, 999.0, 1000.0, 999.0, 1000.0, 1000.0, 1000.0, 999.0, 1000.0, 999.0, 1000.0, 999.0, 1000.0, 999.0, 1000.0, 1000.0, 1000.0, 999.0, 1000.0, 999.0, 1000.0, 999.0, 1000.0, 999.0, 1000.0, 1000.0, 1000.0, 999.0, 1000.0, 999.0, 1000.0, 999.0, 1000.0, 999.0, 1000.0, 1000.0, 1000.0, 999.0, 1000.0, 999.0, 1000.0, 999.0, 1000.0, 999.0, 1000.0, 1000.0, 1000.0, 999.0, 1000.0, 999.0, 1000.0, 999.0, 1000.0, 999.0, 1000.0, 1000.0, 1000.0, 999.0, 1000.0, 999.0, 1000.0, 999.0, 1000.0, 999.0, 1000.0, 1000.0, 1000.0, 999.0, 1000.0, 999.0, 1000.0, 999.0, 1000.0, 999.0, 1000.0, 1000.0, 1000.0, 999.0, 1000.0, 999.0, 1000.0, 999.0, 1000.0, 999.0, 1000.0, 1000.0, 1000.0, 999.0, 1000.0, 999.0, 1000.0, 999.0, 1000.0, 999.0, 1000.0, 1000.0, 1000.0, 999.0, 1000.0, 999.0, 1000.0, 999.0, 1000.0, 999.0, 1000.0, 1000.0, 1000.0, 999.0, 1000.0, 999.0, 1000.0, 999.0, 1000.0, 999.0, 1000.0, 1000.0, 1000.0, 999.0, 1000.0, 999.0, 1000.0, 999.0, 1000.0, 999.0, 1000.0, 1000.0, 1000.0, 999.0, 1000.0, 999.0, 1000.0, 999.0, 1000.0, 999.0, 1000.0, 1000.0, 1000.0, 999.0, 1000.0, 999.0, 1000.0, 999.0, 1000.0, 999.0, 1000.0, 1000.0, 1000.0, 999.0, 1000.0, 993.0, 1000.0, 999.0, 1000.0, 999.0, 1000.0, 1000.0, 1000.0, 999.0, 1000.0, 999.0, 1000.0, 999.0, 1000.0, 999.0, 1000.0, 1000.0, 1000.0, 999.0, 1000.0, 999.0, 1000.0, 999.0, 1000.0, 999.0, 1000.0, 1000.0, 1000.0, 999.0, 1000.0, 999.0, 1000.0, 999.0, 1000.0, 999.0, 1000.0, 1000.0, 1000.0, 999.0, 1000.0, 999.0, 1000.0, 999.0, 1000.0, 999.0, 1000.0, 1000.0, 1000.0, 999.0, 1000.0, 999.0, 1000.0, 999.0, 1000.0, 999.0, 1000.0, 1000.0, 1000.0, 999.0, 1000.0, 999.0, 1000.0, 999.0, 1000.0, 999.0, 1000.0, 1000.0, 1000.0, 999.0, 1000.0, 999.0, 1000.0, 999.0, 1000.0, 999.0, 1000.0, 1000.0, 1000.0, 999.0, 1000.0, 999.0, 1000.0, 999.0, 1000.0, 999.0, 1000.0, 1000.0, 1000.0, 999.0, 1000.0, 999.0, 1000.0, 999.0, 1000.0, 999.0, 1000.0, 1000.0, 1000.0, 999.0, 1000.0, 999.0, 1000.0, 999.0, 1000.0, 999.0, 1000.0, 1000.0, 1000.0, 999.0, 1000.0, 999.0, 1000.0, 999.0, 1000.0, 999.0, 1000.0, 1000.0, 1000.0, 999.0, 1000.0, 999.0, 1000.0, 999.0, 1000.0, 999.0, 1000.0, 1000.0, 1000.0, 999.0, 1000.0, 999.0, 1000.0, 999.0, 1000.0, 999.0, 1000.0, 1000.0, 1000.0, 999.0, 1000.0, 999.0, 1000.0, 999.0, 1000.0, 999.0, 1000.0, 1000.0, 1000.0, 999.0, 1000.0, 999.0, 1000.0, 999.0, 1000.0, 999.0, 1000.0, 1000.0, 1000.0, 999.0, 1000.0, 999.0, 1000.0, 999.0, 1000.0, 999.0, 1000.0, 1000.0, 1000.0, 999.0, 1000.0, 999.0, 1000.0, 999.0, 1000.0, 999.0, 1000.0, 1000.0, 1000.0, 999.0, 1000.0, 999.0, 1000.0, 999.0, 1000.0, 999.0, 1000.0, 1000.0, 1000.0, 999.0, 1000.0, 999.0, 1000.0, 999.0, 1000.0, 999.0, 1000.0, 1000.0, 1000.0, 999.0, 1000.0, 999.0, 1000.0, 999.0, 1000.0, 999.0, 1000.0, 1000.0, 1000.0, 999.0, 1000.0, 999.0, 1000.0, 999.0, 1000.0, 999.0, 1000.0, 1000.0, 1000.0, 999.0, 1000.0, 999.0, 1000.0, 999.0, 1000.0, 999.0, 1000.0, 1000.0, 1000.0, 999.0]'];
% modAmt: 2.0  kInv: 5
