amps=[];
% modAmt: 0.0  kInv: 1
amps=[amps, [1000.0, 1000.0, 1000.0, 1000.0, 1000.0, 1000.0, 1000.0, 1000.0, 1000.0, 1000.0, 1000.0, 1000.0, 1000.0, 1000.0, 1000.0, 1000.0, 1000.0, 1000.0, 1000.0, 1000.0, 1000.0, 1000.0, 1000.0, 1000.0, 1000.0, 1000.0, 1000.0, 1000.0, 1000.0, 1000.0, 1000.0, 1000.0, 1000.0, 1000.0, 1000.0, 1000.0, 1000.0, 1000.0, 1000.0, 1000.0, 1000.0, 1000.0, 1000.0, 1000.0, 1000.0, 1000.0, 1000.0, 1000.0, 1000.0, 1000.0, 1000.0, 1000.0, 1000.0, 1000.0, 1000.0, 1000.0, 1000.0, 1000.0, 1000.0, 1000.0, 1000.0, 1000.0, 1000.0, 1000.0, 1000.0, 1000.0, 1000.0, 1000.0, 1000.0, 1000.0, 1000.0, 1000.0, 1000.0, 1000.0, 1000.0, 1000.0, 1000.0, 1000.0, 1000.0, 1000.0, 1000.0, 1000.0, 1000.0, 1000.0, 1000.0, 1000.0, 1000.0, 1000.0, 1000.0, 1000.0, 1000.0, 1000.0, 1000.0, 1000.0, 1000.0, 1000.0, 1000.0, 1000.0, 1000.0, 1000.0, 1000.0, 1000.0, 1000.0, 1000.0, 1000.0, 1000.0, 1000.0, 1000.0, 1000.0, 1000.0, 1000.0, 1000.0, 1000.0, 1000.0, 1000.0, 1000.0, 1000.0, 1000.0, 1000.0, 1000.0, 1000.0, 1000.0, 1000.0, 1000.0, 1000.0, 1000.0, 1000.0, 1000.0, 1000.0, 1000.0, 1000.0, 1000.0, 1000.0, 1000.0, 1000.0, 1000.0, 1000.0, 1000.0, 1000.0, 1000.0, 1000.0, 1000.0, 1000.0, 1000.0, 1000.0, 1000.0, 1000.0, 1000.0, 1000.0, 1000.0, 1000.0, 1000.0, 1000.0, 1000.0, 1000.0, 1000.0, 1000.0, 1000.0, 1000.0, 1000.0, 1000.0, 1000.0, 1000.0, 1000.0, 1000.0, 1000.0, 1000.0, 1000.0, 1000.0, 1000.0, 1000.0, 1000.0, 1000.0, 1000.0, 1000.0, 1000.0, 1000.0, 1000.0, 1000.0, 1000.0, 1000.0, 1000.0, 1000.0, 1000.0, 1000.0, 1000.0, 1000.0, 1000.0, 1000.0, 1000.0, 1000.0, 1000.0, 1000.0, 1000.0, 1000.0, 1000.0, 1000.0, 1000.0, 1000.0, 1000.0, 1000.0, 1000.0, 1000.0, 1000.0, 1000.0, 1000.0, 1000.0, 1000.0, 1000.0, 1000.0, 1000.0, 1000.0, 1000.0, 1000.0, 1000.0, 1000.0, 1000.0, 1000.0, 1000.0, 1000.0, 1000.0, 1000.0, 1000.0, 1000.0, 1000.0, 1000.0, 1000.0, 1000.0, 1000.0, 1000.0, 1000.0, 1000.0, 1000.0, 1000.0, 1000.0, 1000.0, 1000.0, 1000.0, 1000.0, 1000.0, 1000.0, 1000.0, 1000.0, 1000.0, 1000.0, 1000.0, 1000.0, 1000.0, 1000.0, 1000.0, 1000.0, 1000.0, 1000.0, 1000.0, 1000.0, 1000.0, 1000.0, 1000.0, 1000.0, 1000.0, 1000.0, 1000.0, 1000.0, 1000.0, 1000.0, 1000.0, 1000.0, 1000.0, 1000.0, 1000.0, 1000.0, 1000.0, 1000.0, 1000.0, 1000.0, 1000.0, 1000.0, 1000.0, 1000.0, 1000.0, 1000.0, 1000.0, 1000.0, 1000.0, 1000.0, 1000.0, 1000.0, 1000.0, 1000.0, 1000.0, 1000.0, 1000.0, 1000.0, 1000.0, 1000.0, 1000.0, 1000.0, 1000.0, 1000.0, 1000.0, 1000.0, 1000.0, 1000.0, 1000.0, 1000.0, 1000.0, 1000.0, 1000.0, 1000.0, 1000.0, 1000.0, 1000.0, 1000.0, 1000.0, 1000.0, 1000.0, 1000.0, 1000.0, 1000.0, 1000.0, 1000.0, 1000.0, 1000.0, 1000.0, 1000.0, 1000.0, 1000.0, 1000.0, 1000.0, 1000.0, 1000.0, 1000.0, 1000.0, 1000.0, 1000.0, 1000.0, 1000.0, 1000.0, 1000.0, 1000.0, 1000.0, 1000.0, 1000.0, 1000.0, 1000.0, 1000.0, 1000.0, 1000.0, 1000.0, 1000.0, 1000.0, 1000.0, 1000.0, 1000.0, 1000.0, 1000.0, 1000.0, 1000.0, 1000.0, 1000.0, 1000.0, 1000.0, 1000.0, 1000.0, 1000.0, 1000.0, 1000.0, 1000.0, 1000.0, 1000.0, 1000.0, 1000.0, 1000.0, 1000.0, 1000.0, 1000.0, 1000.0, 1000.0, 1000.0, 1000.0, 1000.0, 1000.0, 1000.0, 1000.0, 1000.0, 1000.0, 1000.0, 1000.0, 1000.0, 1000.0, 1000.0, 1000.0, 1000.0, 1000.0, 1000.0, 1000.0, 1000.0, 1000.0, 1000.0, 1000.0]'];
% modAmt: 1.0  kInv: 2
amps=[amps, [1000.0, 1000.0, 999.0, 997.0, 996.0, 993.0, 991.0, 987.0, 984.0, 980.0, 975.0, 970.0, 965.0, 960.0, 954.0, 948.0, 941.0, 935.0, 927.0, 925.0, 914.0, 905.0, 898.0, 898.0, 889.0, 882.0, 866.0, 858.0, 856.0, 854.0, 852.0, 842.0, 838.0, 820.0, 813.0, 792.0, 799.0, 780.0, 802.0, 776.0, 799.0, 768.0, 791.0, 754.0, 777.0, 735.0, 759.0, 711.0, 736.0, 684.0, 717.0, 670.0, 723.0, 657.0, 727.0, 644.0, 728.0, 637.0, 728.0, 633.0, 725.0, 626.0, 719.0, 617.0, 712.0, 607.0, 702.0, 595.0, 691.0, 581.0, 677.0, 566.0, 661.0, 548.0, 644.0, 536.0, 625.0, 527.0, 604.0, 519.0, 583.0, 510.0, 588.0, 502.0, 592.0, 495.0, 596.0, 488.0, 599.0, 481.0, 602.0, 474.0, 603.0, 467.0, 605.0, 461.0, 606.0, 455.0, 606.0, 449.0, 606.0, 444.0, 605.0, 438.0, 604.0, 433.0, 602.0, 428.0, 599.0, 423.0, 597.0, 419.0, 593.0, 414.0, 589.0, 410.0, 585.0, 406.0, 580.0, 402.0, 574.0, 398.0, 569.0, 395.0, 562.0, 391.0, 556.0, 388.0, 548.0, 385.0, 540.0, 380.0, 532.0, 378.0, 523.0, 375.0, 514.0, 372.0, 504.0, 370.0, 494.0, 367.0, 484.0, 365.0, 473.0, 362.0, 462.0, 360.0, 451.0, 358.0, 439.0, 356.0, 426.0, 354.0, 414.0, 352.0, 401.0, 350.0, 387.0, 349.0, 374.0, 347.0, 360.0, 346.0, 358.0, 345.0, 364.0, 343.0, 367.0, 342.0, 367.0, 341.0, 363.0, 340.0, 355.0, 339.0, 344.0, 338.0, 338.0, 337.0, 341.0, 337.0, 340.0, 336.0, 335.0, 335.0, 336.0, 335.0, 335.0, 334.0, 334.0, 334.0, 334.0, 334.0, 333.0, 333.0, 333.0, 333.0, 333.0, 333.0, 333.0, 333.0, 333.0, 333.0, 333.0, 333.0, 333.0, 334.0, 334.0, 334.0, 334.0, 334.0, 335.0, 335.0, 335.0, 335.0, 336.0, 336.0, 336.0, 337.0, 337.0, 337.0, 340.0, 338.0, 340.0, 339.0, 340.0, 340.0, 341.0, 341.0, 342.0, 342.0, 343.0, 344.0, 344.0, 345.0, 345.0, 346.0, 347.0, 348.0, 349.0, 349.0, 350.0, 351.0, 352.0, 353.0, 353.0, 354.0, 355.0, 356.0, 357.0, 358.0, 360.0, 361.0, 362.0, 363.0, 364.0, 365.0, 366.0, 368.0, 369.0, 370.0, 372.0, 373.0, 374.0, 376.0, 378.0, 379.0, 381.0, 382.0, 384.0, 385.0, 387.0, 389.0, 390.0, 392.0, 394.0, 396.0, 397.0, 399.0, 401.0, 403.0, 405.0, 407.0, 409.0, 411.0, 413.0, 415.0, 418.0, 420.0, 422.0, 425.0, 427.0, 429.0, 432.0, 434.0, 437.0, 440.0, 443.0, 445.0, 448.0, 451.0, 454.0, 457.0, 460.0, 463.0, 465.0, 469.0, 472.0, 476.0, 479.0, 482.0, 486.0, 490.0, 493.0, 497.0, 500.0, 504.0, 508.0, 512.0, 517.0, 521.0, 525.0, 529.0, 534.0, 538.0, 543.0, 547.0, 552.0, 557.0, 562.0, 566.0, 572.0, 577.0, 582.0, 588.0, 593.0, 599.0, 604.0, 610.0, 616.0, 622.0, 628.0, 634.0, 641.0, 647.0, 653.0, 660.0, 667.0, 674.0, 681.0, 687.0, 695.0, 702.0, 709.0, 717.0, 724.0, 732.0, 740.0, 747.0, 755.0, 763.0, 771.0, 779.0, 787.0, 796.0, 804.0, 812.0, 820.0, 828.0, 837.0, 845.0, 853.0, 862.0, 870.0, 878.0, 886.0, 894.0, 901.0, 909.0, 917.0, 923.0, 931.0, 938.0, 944.0, 951.0, 956.0, 963.0, 968.0, 973.0, 978.0, 982.0, 986.0, 989.0, 992.0, 995.0, 997.0, 999.0, 999.0, 1000.0]'];
% modAmt: 2.0  kInv: 5
